%UCLA flex board pad bond aray is arranged such that, when the probe is facing upward (also tip upward), 
%CH1 is on the top left, and the channels wrap around counter-clockwise. 
%So CH32 is on the bottom left, CH33 is on the bottom right, and CH64 is on the top right. 

%first column = numbering of channels on probe PCB connectors looking from
%the top.

%second column = numbering of channels on head stage amplifiers.

% updated on 3/9/2022 - UCLA flex revB - eCube mapping
% 
headstagewiring=[
1	47
2	43
3	35
4	50
5	37
6	55
7	40
8	58
9	41
10	60
11	44
12	64
13	46
14	51
15	49
16	63
17	27
18	61
19	30
20	57
21	33
22	36
23	52
24	39
25	59
26	42
27	45
28	48
29	53
30	56
31	62
32	54
33	15
34	1
35	5
36	9
37	4
38	7
39	10
40	14
41	13
42	20
43	16
44	19
45	11
46	22
47	6
48	25
49	2
50	18
51	3
52	24
53	8
54	23
55	12
56	28
57	17
58	26
59	21
60	32
61	29
62	31
63	34
64	38];