%first column = numbering of channels on probe PCB connectors looking from
%the top.

%second column = numbering of channels on head stage amplifiers.

headstagewiring=[
1	26
2	27
3	28
4	29
5	30
6	31
7	32
8	25
9	24
10	23
11	22
12	21
13	20
14	19
15	18
16	17
17	16
18	15
19	14
20	13
21	12
22	11
23	10
24	9
25	8
26	7
27	6
28	5
29	4
30	3
31	2
32	1
33	64
34	63
35	62
36	61
37	60
38	59
39	58
40	57
41	56
42	55
43	54
44	53
45	52
46	51
47	50
48	49
49	48
50	47
51	46
52	45
53	44
54	43
55	42
56	41
57	40
58	33
59	34
60	35
61	36
62	37
63	38
64	39
65	90
66	91
67	92
68	93
69	94
70	95
71	96
72	89
73	88
74	87
75	86
76	85
77	84
78	83
79	82
80	81
81	80
82	79
83	78
84	77
85	76
86	75
87	74
88	73
89	72
90	71
91	70
92	69
93	68
94	67
95	66
96	65
97	128
98	127
99	126
100	125
101	124
102	123
103	122
104	121
105	120
106	119
107	118
108	117
109	116
110	115
111	114
112	113
113	112
114	111
115	110
116	109
117	108
118	107
119	106
120	105
121	104
122	97
123	98
124	99
125	100
126	101
127	102
128	103
];