%first column = channel number on probe.

%second column = channel number on the probe PCB connector for the head
%stage, assuming the HS will be plugged in from the top.

%third column = channel number on the probe PCB connector for the head
%stage, assuming the HS will be plugged in from the bottom.


pcbwiring=[

1	224	161
2	223	162
3	222	163
4	221	164
5	220	165
6	219	166
7	218	167
8	217	168
9	216	169
10	215	170
11	214	171
12	213	172
13	212	173
14	211	174
15	210	175
16	209	176
17	208	177
18	207	178
19	206	179
20	205	180
21	204	181
22	203	182
23	202	183
24	201	184
25	200	185
26	199	186
27	198	187
28	197	188
29	196	189
30	195	190
31	194	191
32	193	192
33	256	129
34	255	130
35	254	131
36	253	132
37	252	133
38	251	134
39	250	135
40	249	136
41	248	137
42	247	138
43	246	139
44	245	140
45	244	141
46	243	142
47	242	143
48	241	144
49	240	145
50	239	146
51	238	147
52	237	148
53	236	149
54	235	150
55	234	151
56	233	152
57	232	153
58	231	154
59	230	155
60	229	156
61	228	157
62	227	158
63	226	159
64	225	160
65	160	225
66	159	226
67	158	227
68	157	228
69	156	229
70	155	230
71	154	231
72	153	232
73	152	233
74	151	234
75	150	235
76	149	236
77	148	237
78	147	238
79	146	239
80	145	240
81	144	241
82	143	242
83	142	243
84	141	244
85	140	245
86	139	246
87	138	247
88	137	248
89	136	249
90	135	250
91	134	251
92	133	252
93	132	253
94	131	254
95	130	255
96	129	256
97	192	193
98	191	194
99	190	195
100	189	196
101	188	197
102	187	198
103	186	199
104	185	200
105	184	201
106	183	202
107	182	203
108	181	204
109	180	205
110	179	206
111	178	207
112	177	208
113	176	209
114	175	210
115	174	211
116	173	212
117	172	213
118	171	214
119	170	215
120	169	216
121	168	217
122	167	218
123	166	219
124	165	220
125	164	221
126	163	222
127	162	223
128	161	224
129	128	1
130	127	2
131	126	3
132	125	4
133	124	5
134	123	6
135	122	7
136	121	8
137	120	9
138	119	10
139	118	11
140	117	12
141	116	13
142	115	14
143	114	15
144	113	16
145	112	17
146	111	18
147	110	19
148	109	20
149	108	21
150	107	22
151	106	23
152	105	24
153	104	25
154	103	26
155	102	27
156	101	28
157	100	29
158	99	30
159	98	31
160	97	32
161	96	33
162	95	34
163	94	35
164	93	36
165	92	37
166	91	38
167	90	39
168	89	40
169	88	41
170	87	42
171	86	43
172	85	44
173	84	45
174	83	46
175	82	47
176	81	48
177	80	49
178	79	50
179	78	51
180	77	52
181	76	53
182	75	54
183	74	55
184	73	56
185	72	57
186	71	58
187	70	59
188	69	60
189	68	61
190	67	62
191	66	63
192	65	64
193	64	65
194	63	66
195	62	67
196	61	68
197	60	69
198	59	70
199	58	71
200	57	72
201	56	73
202	55	74
203	54	75
204	53	76
205	52	77
206	51	78
207	50	79
208	49	80
209	48	81
210	47	82
211	46	83
212	45	84
213	44	85
214	43	86
215	42	87
216	41	88
217	40	89
218	39	90
219	38	91
220	37	92
221	36	93
222	35	94
223	34	95
224	33	96
225	32	97
226	31	98
227	30	99
228	29	100
229	28	101
230	27	102
231	26	103
232	25	104
233	24	105
234	23	106
235	22	107
236	21	108
237	20	109
238	19	110
239	18	111
240	17	112
241	16	113
242	15	114
243	14	115
244	13	116
245	12	117
246	11	118
247	10	119
248	9	120
249	8	121
250	7	122
251	6	123
252	5	124
253	4	125
254	3	126
255	2	127
256	1	128
];