%new version (fixed by Shinya Ito):

%first column = numbering of channels on probe PCB connectors looking from
%the top.

%second column = numbering of channels on head stage amplifiers.

headstagewiring = zeros(256,2);
headstagewiring(1:256,1) = 1:256;

headstagewiring(1:32,2) = 32:-1:1;
headstagewiring(33:64,2) = 64:-1:33;
headstagewiring(65:96,2) = 96:-1:65;
headstagewiring(97:128,2) = 128:-1:97;

% duplicate the previous two channels with 128ch offset
headstagewiring(129:256,2) = headstagewiring(1:128, 2) + 128;% botu

% swap two sides of the molex connector
tmp = headstagewiring(128+1:128+32,2);
headstagewiring(128+1:128+32,2) = headstagewiring(128+33:128+64,2);
headstagewiring(128+33:128+64,2) = tmp;

% do the same for the other connector
tmp = headstagewiring(192+1:192+32,2);
headstagewiring(192+1:192+32,2) = headstagewiring(192+33:192+64,2);
headstagewiring(192+33:192+64,2) = tmp;

%old version (incorrect):

% headstagewiring=[
% 1	32
% 2	31
% 3	30
% 4	29
% 5	28
% 6	27
% 7	26
% 8	25
% 9	24
% 10	23
% 11	22
% 12	21
% 13	20
% 14	19
% 15	18
% 16	17
% 17	16
% 18	15
% 19	14
% 20	13
% 21	12
% 22	11
% 23	10
% 24	9
% 25	8
% 26	7
% 27	6
% 28	5
% 29	4
% 30	3
% 31	2
% 32	1
% 33	64
% 34	63
% 35	62
% 36	61
% 37	60
% 38	59
% 39	58
% 40	57
% 41	56
% 42	55
% 43	54
% 44	53
% 45	52
% 46	51
% 47	50
% 48	49
% 49	48
% 50	47
% 51	46
% 52	45
% 53	44
% 54	43
% 55	42
% 56	41
% 57	40
% 58	39
% 59	38
% 60	37
% 61	36
% 62	35
% 63	34
% 64	33
% 65	96
% 66	95
% 67	94
% 68	93
% 69	92
% 70	91
% 71	90
% 72	89
% 73	88
% 74	87
% 75	86
% 76	85
% 77	84
% 78	83
% 79	82
% 80	81
% 81	80
% 82	79
% 83	78
% 84	77
% 85	76
% 86	75
% 87	74
% 88	73
% 89	72
% 90	71
% 91	70
% 92	69
% 93	68
% 94	67
% 95	66
% 96	65
% 97	128
% 98	127
% 99	126
% 100	125
% 101	124
% 102	123
% 103	122
% 104	121
% 105	120
% 106	119
% 107	118
% 108	117
% 109	116
% 110	115
% 111	114
% 112	113
% 113	112
% 114	111
% 115	110
% 116	109
% 117	108
% 118	107
% 119	106
% 120	105
% 121	104
% 122	103
% 123	102
% 124	101
% 125	100
% 126	99
% 127	98
% 128	97
% 129	160
% 130	159
% 131	158
% 132	157
% 133	156
% 134	155
% 135	154
% 136	153
% 137	152
% 138	151
% 139	150
% 140	149
% 141	148
% 142	147
% 143	146
% 144	145
% 145	144
% 146	143
% 147	142
% 148	141
% 149	140
% 150	139
% 151	138
% 152	137
% 153	136
% 154	135
% 155	134
% 156	133
% 157	132
% 158	131
% 159	130
% 160	129
% 161	192
% 162	191
% 163	190
% 164	189
% 165	188
% 166	187
% 167	186
% 168	185
% 169	184
% 170	183
% 171	182
% 172	181
% 173	180
% 174	179
% 175	178
% 176	177
% 177	176
% 178	175
% 179	174
% 180	173
% 181	172
% 182	171
% 183	170
% 184	169
% 185	168
% 186	167
% 187	166
% 188	165
% 189	164
% 190	163
% 191	162
% 192	161
% 193	224
% 194	223
% 195	222
% 196	221
% 197	220
% 198	219
% 199	218
% 200	217
% 201	216
% 202	215
% 203	214
% 204	213
% 205	212
% 206	211
% 207	210
% 208	209
% 209	208
% 210	207
% 211	206
% 212	205
% 213	204
% 214	203
% 215	202
% 216	201
% 217	200
% 218	199
% 219	198
% 220	197
% 221	196
% 222	195
% 223	194
% 224	193
% 225	256
% 226	255
% 227	254
% 228	253
% 229	252
% 230	251
% 231	250
% 232	249
% 233	248
% 234	247
% 235	246
% 236	245
% 237	244
% 238	243
% 239	242
% 240	241
% 241	240
% 242	239
% 243	238
% 244	237
% 245	236
% 246	235
% 247	234
% 248	233
% 249	232
% 250	231
% 251	230
% 252	229
% 253	228
% 254	227
% 255	226
% 256	225
%    ];