%first column = numbering of channels on probe PCB connectors looking from
%the top.

%second column = numbering of channels on head stage amplifiers.

headstagewiring=[
1	26
2	27
3	28
4	29
5	30
6	31
7	32
8	25
9	24
10	23
11	22
12	21
13	20
14	19
15	18
16	17
17	16
18	15
19	14
20	13
21	12
22	11
23	10
24	9
25	8
26	7
27	6
28	5
29	4
30	3
31	2
32	1
33	64
34	63
35	62
36	61
37	60
38	59
39	58
40	57
41	56
42	55
43	54
44	53
45	52
46	51
47	50
48	49
49	48
50	47
51	46
52	45
53	44
54	43
55	42
56	41
57	40
58	33
59	34
60	35
61	36
62	37
63	38
64	39
65	90
66	91
67	92
68	93
69	94
70	95
71	96
72	89
73	88
74	87
75	86
76	85
77	84
78	83
79	82
80	81
81	80
82	79
83	78
84	77
85	76
86	75
87	74
88	73
89	72
90	71
91	70
92	69
93	68
94	67
95	66
96	65
97	128
98	127
99	126
100	125
101	124
102	123
103	122
104	121
105	120
106	119
107	118
108	117
109	116
110	115
111	114
112	113
113	112
114	111
115	110
116	109
117	108
118	107
119	106
120	105
121	104
122	97
123	98
124	99
125	100
126	101
127	102
128	103
129	192
130	191
131	190
132	189
133	188
134	187
135	186
136	185
137	184
138	183
139	182
140	181
141	180
142	179
143	178
144	177
145	176
146	175
147	174
148	173
149	172
150	171
151	170
152	169
153	168
154	161
155	162
156	163
157	164
158	165
159	166
160	167
161	154
162	155
163	156
164	157
165	158
166	159
167	160
168	153
169	152
170	151
171	150
172	149
173	148
174	147
175	146
176	145
177	144
178	143
179	142
180	141
181	140
182	139
183	138
184	137
185	136
186	135
187	134
188	133
189	132
190	131
191	130
192	129
193	256
194	255
195	254
196	253
197	252
198	251
199	250
200	249
201	248
202	247
203	246
204	245
205	244
206	243
207	242
208	241
209	240
210	239
211	238
212	237
213	236
214	235
215	234
216	233
217	232
218	225
219	226
220	227
221	228
222	229
223	230
224	231
225	218
226	219
227	220
228	221
229	222
230	223
231	224
232	217
233	216
234	215
235	214
236	213
237	212
238	211
239	210
240	209
241	208
242	207
243	206
244	205
245	204
246	203
247	202
248	201
249	200
250	199
251	198
252	197
253	196
254	195
255	194
256	193
];