%first column = channel number on probe.

%second column = channel number on the probe PCB connector for the head
%stage, assuming the HS will be plugged in from the top.

%third column = channel number on the probe PCB connector for the head
%stage, assuming the HS will be plugged in from the bottom.


pcbwiring=[

1	128	1
2	127	2
3	126	3
4	125	4
5	124	5
6	123	6
7	122	7
8	121	8
9	120	9
10	119	10
11	118	11
12	117	12
13	116	13
14	115	14
15	114	15
16	113	16
17	112	17
18	111	18
19	110	19
20	109	20
21	108	21
22	107	22
23	106	23
24	105	24
25	104	25
26	103	26
27	102	27
28	101	28
29	100	29
30	99	30
31	98	31
32	97	32
33	96	33
34	95	34
35	94	35
36	93	36
37	92	37
38	91	38
39	90	39
40	89	40
41	88	41
42	87	42
43	86	43
44	85	44
45	84	45
46	83	46
47	82	47
48	81	48
49	80	49
50	79	50
51	78	51
52	77	52
53	76	53
54	75	54
55	74	55
56	73	56
57	72	57
58	71	58
59	70	59
60	69	60
61	68	61
62	67	62
63	66	63
64	65	64
65	64	65
66	63	66
67	62	67
68	61	68
69	60	69
70	59	70
71	58	71
72	57	72
73	56	73
74	55	74
75	54	75
76	53	76
77	52	77
78	51	78
79	50	79
80	49	80
81	48	81
82	47	82
83	46	83
84	45	84
85	44	85
86	43	86
87	42	87
88	41	88
89	40	89
90	39	90
91	38	91
92	37	92
93	36	93
94	35	94
95	34	95
96	33	96
97	32	97
98	31	98
99	30	99
100	29	100
101	28	101
102	27	102
103	26	103
104	25	104
105	24	105
106	23	106
107	22	107
108	21	108
109	20	109
110	19	110
111	18	111
112	17	112
113	16	113
114	15	114
115	14	115
116	13	116
117	12	117
118	11	118
119	10	119
120	9	120
121	8	121
122	7	122
123	6	123
124	5	124
125	4	125
126	3	126
127	2	127
128	1	128

];